/*--------------------------------*- C++ -*----------------------------------*\
| =========                 |                                                 |
| \\      /  F ield         | OpenFOAM: The Open Source CFD Toolbox           |
|  \\    /   O peration     | Version:  2.4.x                                 |
|   \\  /    A nd           | Web:      www.OpenFOAM.org                      |
|    \\/     M anipulation  |                                                 |
\*---------------------------------------------------------------------------*/
FoamFile
{
    version     2.0;
    format      ascii;
    class       volScalarField;
    location    "0";
    object      ccx;
}
// * * * * * * * * * * * * * * * * * * * * * * * * * * * * * * * * * * * * * //

dimensions      [0 1 0 0 0 0 0];

internalField   nonuniform List<scalar> 
463
(
0
0
0
0
0
0
0
0
1.29951e-19
0
0
0
0
0
0
0
0
0
0
0
0
0
0
0
0
0
0
0
0
-1.9342e-19
0
0
0
0
0
0
0
0
6.64812e-20
0
0
0
6.64812e-20
0
0
0
6.64812e-20
0
0
0
0
0
0
0
0
0
0
0
0
0
0
0
0
0
0
0
0
0
0
0
0
0
0
0
0
0
0
0
0
0
0
0
0
0
0
0
0
0
0
0
0
0
0
0
0
0
0
0
0
0
0
0
0
0
0
0
0
0
0
0
-6.64812e-20
0
0
0
0
0
0
0
0
0
-6.64812e-20
0
0
0
0
0
0
0
0
0
-6.64812e-20
0
0
0
0
0
-6.64812e-20
0
0
0
0
0
0
0
0
0
-6.64812e-20
0
0
0
-6.64812e-20
0
0
0
0
0
0
0
0
0
-6.64812e-20
0
0
0
0
-6.66868e-20
0
0
0
-6.36558e-20
0
0
0
6.07691e-20
1.17127e-19
0
0
0
-1.11695e-19
0
1.12088e-19
0
0
0
1.04028e-19
0
0
0
0
0
0
0
0
0
0
0
0
0
0
0
0
0
0
0
-8.51797e-20
-3.01167e-21
0
0
0
-8.04982e-20
0
0
0
0
0
-7.22327e-20
0
0
0
0
0
0
0
0
0
0
0
-1.2261e-19
0
0
6.06631e-20
-6.29761e-20
0
0
0
0
0
0
0
0
0
-1.54258e-19
0
0
0
0
0
0
-9.55935e-20
0
0
0
9.11865e-20
0
0
0
0
0
-8.49663e-20
0
0
0
0
0
1.5837e-19
0
0
0
0
0
0
0
0
0
0
0
0
0
0
0
0
0
0
0
0
0
6.12632e-20
-6.05572e-20
0
0
0
0
0
0
0
0
-1.60718e-19
0
0
0
0
0
0
0
0
0
0
0
0
0
0
0
-5.37873e-20
0
-1.04563e-19
0
0
0
0
0
0
0
0
0
0
0
0
0
0
0
0
-5.37873e-20
0
0
0
0
0
0
0
0
0
0
0
0
0
0
0
0
0
0
-5.37873e-20
0
0
0
0
0
0
0
0
0
0
0
0
0
0
0
-5.37873e-20
0
0
-5.37873e-20
0
0
-5.37873e-20
0
0
-5.37873e-20
0
0
0
-5.37873e-20
0
0
-5.37873e-20
0
0
-5.37873e-20
0
0
-5.37873e-20
0
0
-5.37873e-20
0
0
-5.37873e-20
0
0
0
-5.37873e-20
0
0
-5.37873e-20
0
0
-5.37873e-20
0
0
-5.37873e-20
0
0
-5.37873e-20
0
0
0
0
0
0
-5.37873e-20
0
0
0
0
0
0
0
0
0
0
0
-5.37873e-20
0
0
0
0
0
0
0
0
0
0
0
0
-5.37873e-20
0
0
-5.37873e-20
0
0
0
0
0
0
-5.37873e-20
0
0
-5.37873e-20
0
0
-5.37873e-20
0
0
0
0
)
;

boundaryField
{
    wall_bottom
    {
        type            calculated;
        value           uniform 0;
    }
    wall_top
    {
        type            calculated;
        value           uniform 0;
    }
    front1
    {
        type            cyclic;
    }
    back1
    {
        type            cyclic;
    }
    left1
    {
        type            cyclic;
    }
    right1
    {
        type            cyclic;
    }
    front2
    {
        type            cyclic;
    }
    back2
    {
        type            cyclic;
    }
    left2
    {
        type            cyclic;
    }
    right2
    {
        type            cyclic;
    }
    front3
    {
        type            cyclic;
    }
    back3
    {
        type            cyclic;
    }
    left3
    {
        type            cyclic;
    }
    right3
    {
        type            cyclic;
    }
}


// ************************************************************************* //
