/*--------------------------------*- C++ -*----------------------------------*\
| =========                 |                                                 |
| \\      /  F ield         | OpenFOAM: The Open Source CFD Toolbox           |
|  \\    /   O peration     | Version:  2.4.x                                 |
|   \\  /    A nd           | Web:      www.OpenFOAM.org                      |
|    \\/     M anipulation  |                                                 |
\*---------------------------------------------------------------------------*/
FoamFile
{
    version     2.0;
    format      ascii;
    class       volScalarField;
    location    "0";
    object      ccy;
}
// * * * * * * * * * * * * * * * * * * * * * * * * * * * * * * * * * * * * * //

dimensions      [0 1 0 0 0 0 0];

internalField   nonuniform List<scalar> 
463
(
0
0
0
-1.04239e-19
-1.04239e-19
1.04239e-19
0
0
0
0
0
0
0
0
0
0
0
0
0
0
0
0
0
0
0
0
-7.25045e-20
0
0
0
0
-7.25045e-20
0
0
0
0
0
0
0
0
0
0
0
0
1.04239e-19
0
0
0
0
0
0
0
0
0
0
0
0
0
0
0
0
0
0
0
0
0
0
0
0
0
0
0
0
0
0
0
0
0
0
0
0
0
0
0
0
1.04239e-19
0
0
0
1.04239e-19
0
0
0
1.04239e-19
0
0
0
0
0
0
0
0
0
0
0
0
0
0
0
0
7.25045e-20
0
0
0
0
0
0
0
0
0
7.25045e-20
0
0
0
0
0
0
0
0
0
7.25045e-20
0
0
0
0
0
7.25045e-20
0
0
0
0
0
0
0
0
0
7.25045e-20
0
0
0
7.25045e-20
0
0
0
0
0
0
0
0
0
7.25045e-20
0
0
0
0
0
0
0
0
0
-6.89442e-20
0
0
0
-1.2315e-19
0
0
0
-1.17718e-19
0
-1.151e-19
0
0
0
0
-1.08827e-19
0
0
0
0
5.598e-20
0
0
0
0
0
1.39935e-19
0
-1.36781e-19
0
0
0
0
-4.00637e-20
-8.81913e-20
0
0
0
0
3.72374e-20
0
0
0
0
0
0
0
0
0
0
0
0
0
-1.03217e-19
-1.33089e-19
0
0
-1.67568e-19
0
0
-1.53163e-19
0
0
0
0
0
0
0
0
0
0
0
0
0
0
0
0
0
1.47908e-19
0
4.51757e-20
0
9.72099e-20
0
0
0
0
0
0
-4.95157e-20
0
1.27552e-19
0
0
0
0
0
0
0
0
0
1.13947e-19
0
0
0
0
0
0
0
0
0
0
0
0
0
0
0
0
0
0
0
1.18648e-19
0
0
0
0
-5.1565e-20
0
1.10586e-19
0
1.10586e-19
0
0
1.10586e-19
0
0
1.10586e-19
0
0
1.10586e-19
0
0
0
0
5.98106e-20
2.21172e-19
0
0
0
1.10586e-19
0
2.71948e-19
1.10586e-19
-1.61362e-19
0
1.10586e-19
0
0
1.10586e-19
0
0
0
0
1.10586e-19
0
0
0
0
1.10586e-19
0
2.71948e-19
1.10586e-19
-1.61362e-19
0
1.10586e-19
0
1.10586e-19
0
0
0
0
0
1.10586e-19
0
0
0
0
1.10586e-19
0
0
5.98106e-20
-1.61362e-19
0
1.10586e-19
2.21172e-19
0
-1.61362e-19
0
0
-1.61362e-19
0
2.21172e-19
-1.61362e-19
0
5.98106e-20
-1.61362e-19
0
2.21172e-19
0
-1.61362e-19
0
0
-1.61362e-19
2.21172e-19
0
-1.61362e-19
0
0
-1.61362e-19
0
2.21172e-19
-1.61362e-19
0
0
-1.61362e-19
0
2.21172e-19
0
-1.61362e-19
5.98106e-20
0
-1.61362e-19
2.21172e-19
0
-1.61362e-19
0
0
-1.61362e-19
0
2.21172e-19
-1.61362e-19
0
5.98106e-20
0
0
2.21172e-19
0
-1.61362e-19
5.98106e-20
0
0
2.21172e-19
0
5.98106e-20
0
5.98106e-20
0
0
2.21172e-19
-1.61362e-19
0
5.98106e-20
0
0
2.21172e-19
0
5.98106e-20
5.98106e-20
0
0
2.21172e-19
0
-1.61362e-19
0
5.98106e-20
0
0
2.21172e-19
5.98106e-20
0
5.98106e-20
0
-1.61362e-19
0
0
-1.61362e-19
5.98106e-20
0
0
0
0
5.98106e-20
0
)
;

boundaryField
{
    wall_bottom
    {
        type            calculated;
        value           uniform 0;
    }
    wall_top
    {
        type            calculated;
        value           uniform 0;
    }
    front1
    {
        type            cyclic;
    }
    back1
    {
        type            cyclic;
    }
    left1
    {
        type            cyclic;
    }
    right1
    {
        type            cyclic;
    }
    front2
    {
        type            cyclic;
    }
    back2
    {
        type            cyclic;
    }
    left2
    {
        type            cyclic;
    }
    right2
    {
        type            cyclic;
    }
    front3
    {
        type            cyclic;
    }
    back3
    {
        type            cyclic;
    }
    left3
    {
        type            cyclic;
    }
    right3
    {
        type            cyclic;
    }
}


// ************************************************************************* //
